1 0.7712705882352942 0.44610705596107053 0.030399999999999903 0.04352798053527977
1 0.8634588235294118 0.4488564476885645 0.022164705882352843 0.036569343065693365
1 0.8063529411764706 0.5631143552311435 0.023270588235294085 0.04257907542579075
1 0.7811529411764706 0.5763746958637469 0.02378823529411768 0.03209245742092457
1 0.7399529411764706 0.5591970802919708 0.025341176470588193 0.021946472019464675
1 0.6921411764705883 0.5200729927007299 0.024658823529411806 0.029051094890510942
1 0.5234117647058824 0.6518734793187348 0.021600000000000015 0.025133819951338298
1 0.5853176470588235 0.61338199513382 0.02847058823529417 0.036326034063260355
1 0.405835294117647 0.6462773722627737 0.04517647058823527 0.04523114355231151
1 0.3429647058823529 0.7089537712895377 0.02129411764705885 0.021240875912408804
1 0.30581176470588234 0.6858394160583942 0.019905882352941127 0.024793187347932007
1 0.2948 0.703625304136253 0.02129411764705885 0.024793187347932007
1 0.29515294117647056 0.7607055961070559 0.027482352941176486 0.02800486618004864
1 0.2858588235294118 0.7439902676399026 0.015858823529411786 0.02391727493917285
1 0.25618823529411766 0.7724330900243309 0.04176470588235294 0.0472262773722627
1 0.32534117647058824 0.8063260340632603 0.02731764705882356 0.03102189781021898
1 0.36515294117647057 0.7561800486618006 0.04915294117647056 0.038832116788321255
1 0.21223529411764708 0.764720194647202 0.021317647058823535 0.028880778588807797
1 0.21809411764705883 0.74 0.024799999999999982 0.02484184914841858
1 0.25541176470588234 0.7196350364963503 0.02032941176470592 0.028564476885644792
1 0.17018823529411764 0.7570559610705595 0.02115294117647061 0.02639902676399032
1 0.19091764705882353 0.749683698296837 0.022682352941176504 0.021581508515815095
1 0.19263529411764707 0.77661800486618 0.019247058823529426 0.02995133819951325
1 0.15272941176470586 0.7865936739659368 0.030258823529411796 0.024257907542579144
1 0.1400941176470588 0.7157177615571777 0.015999999999999993 0.02192214111922139
1 0.48985882352941174 0.4224574209245742 0.06611764705882359 0.07980535279805355
1 0.4927058823529412 0.7392944038929441 0.046894117647058836 0.03703163017031637