1 0.7688291746641075 0.2262230215827338 0.12529750479846444 0.15980215827338123
1 0.7052975047984644 0.1850179856115108 0.050902111324376165 0.03478417266187051
1 0.5348368522072936 0.090431654676259 0.05969289827255283 0.0464568345323741
1 0.6671017274472169 0.14778776978417266 0.06280230326295591 0.043075539568345304
1 0.9076391554702495 0.5358093525179857 0.04399232245681374 0.040161870503597194
1 0.8971976967370442 0.5575719424460431 0.026295585412668035 0.037158273381294904
1 0.8348752399232247 0.7196402877697842 0.029577735124760016 0.03327338129496403
1 0.8757197696737045 0.7066726618705036 0.03489443378118992 0.030971223021582783
1 0.8710940499040306 0.6058812949640288 0.031094049904030797 0.035305755395683446
1 0.8583109404990403 0.6389028776978417 0.03775431861804215 0.03690647482014385
1 0.3263915547024952 0.5283992805755396 0.06024952015355084 0.0649820143884892