1 0.17439276485788113 0.40765407554671973 0.07501291989664083 0.07099403578528823
1 0.2222997416020672 0.09502982107355865 0.09191214470284235 0.06729622266401589
1 0.867906976744186 0.6743737574552684 0.090516795865633 0.12988071570576548
1 0.4304651162790698 0.8491252485089463 0.09844961240310084 0.05196819085487075
1 0.375968992248062 0.8113518886679921 0.05565891472868222 0.049602385685884785
1 0.3651421188630491 0.9270178926441353 0.06222222222222218 0.06403578528827045
1 0.4222222222222222 0.9707355864811132 0.08201550387596901 0.04306163021868781
1 0.32193798449612404 0.8657455268389662 0.08852713178294572 0.0824850894632207
1 0.2091472868217054 0.6640755467196818 0.06183462532299743 0.05506958250497027
1 0.42294573643410854 0.10009940357852883 0.05710594315245484 0.04272365805168985
1 0.40297157622739016 0.07208747514910537 0.05801033591731263 0.04222664015904572
1 0.4711111111111111 0.3145924453280318 0.04064599483204139 0.04385685884691849
1 0.48754521963824293 0.6845129224652088 0.05472868217054265 0.03781312127236577
1 0.47627906976744183 0.5439165009940358 0.09609819121447027 0.08043737574552691
1 0.40578811369509044 0.5388469184890656 0.08245478036175717 0.08294234592445333
1 0.34049095607235147 0.1785089463220676 0.055167958656330805 0.04906560636182904