1 0.34784313725490196 0.3140040241448692 0.0857843137254902 0.09340040241448695
1 0.4325294117647059 0.29569416498993967 0.05864705882352946 0.10412474849094568
1 0.2613921568627451 0.618148893360161 0.05549019607843139 0.0521529175050301
1 0.20076470588235293 0.6726559356136821 0.06262745098039216 0.05289738430583494
1 0.14711764705882352 0.6891146881287726 0.03803921568627452 0.056559356136820955
1 0.054941176470588236 0.8304828973843058 0.04768627450980392 0.032273641851106566
1 0.13998039215686275 0.9212072434607645 0.03327450980392157 0.03505030181086511
1 0.2599607843137255 0.7253319919517103 0.029823529411764665 0.050000000000000044
1 0.22323529411764706 0.7818309859154929 0.03909803921568627 0.05768611670020112
1 0.5749607843137255 0.7048490945674044 0.04760784313725485 0.04706237424547281
1 0.8256078431372549 0.9023742454728371 0.05692156862745093 0.07637826961770632
1 0.9297254901960785 0.5241448692152918 0.06550980392156856 0.10114688128772632
1 0.502235294117647 0.3114486921529175 0.05507843137254908 0.0473239436619718
1 0.6091960784313726 0.3399597585513079 0.04476470588235302 0.05362173038229372
1 0.06652941176470588 0.0852112676056338 0.08511764705882352 0.07177062374245473
1 0.22607843137254902 0.30559356136820925 0.04764705882352943 0.04438631790744467
1 0.5284313725490196 0.8163983903420523 0.04368627450980387 0.05074446680080488
1 0.5822745098039215 0.8974245472837021 0.041156862745098055 0.03138832997987932
1 0.6204313725490196 0.9830784708249497 0.05652941176470596 0.03384305835010071
1 0.3933137254901961 0.9557746478873239 0.03407843137254901 0.04273641851106642
1 0.3767254901960784 0.6543661971830986 0.03513725490196082 0.030945674044265584
1 0.6690784313725491 0.4595774647887324 0.04935294117647051 0.05100603621730387
1 0.9794117647058823 0.869215291750503 0.041176470588235294 0.08048289738430583